,mem
0,64651264
1,270598144
2,325066752
3,336302080
4,382754816
5,410484736
6,435757056
7,439615488
8,439885824
9,440135680
10,440401920
11,440672256
12,440942592
13,440942592
14,441212928
15,441212928
16,441212928
17,441753600
18,441753600
19,441753600
20,442494976
21,442494976
22,442761216
23,442761216
24,442761216
25,442761216
26,443031552
27,443252736
28,443523072
29,443523072
30,443523072
31,443793408
32,443793408
33,443793408
34,444063744
35,444329984
36,444723200
37,444993536
38,444993536
39,445263872
40,445263872
41,445534208
42,445534208
43,445804544
44,445804544
45,446074880
46,446345216
47,446345216
48,446345216
49,446615552
50,446615552
51,446615552
52,446885888
53,446885888
54,447156224
55,447156224
56,447156224
57,447426560
58,447426560
59,447696896
60,447967232
61,447967232
62,447967232
63,448237568
64,448237568
65,448499712
66,448770048
67,448770048
68,449040384
69,449040384
70,449040384
71,449581056
72,449581056
73,449581056
74,449851392
75,449851392
76,449851392
77,450121728
78,450121728
79,450392064
80,450392064
81,450392064
82,450662400
83,450662400
84,451166208
85,451436544
86,451436544
87,451436544
88,451706880
89,451977216
90,451977216
91,452247552
92,452247552
93,452509696
94,452595712
95,452702208
96,452788224
97,453160960
98,453263360
99,453369856
100,453455872
101,453726208
102,453726208
103,453992448
104,453992448
105,453992448
106,454262784
107,454262784
108,454262784
109,454533120
110,454533120
111,454803456
112,454803456
113,454803456
114,455073792
115,455073792
116,455073792
117,455344128
118,455344128
119,455344128
120,455614464
121,455614464
122,455884800
123,455884800
124,455884800
125,456155136
126,456155136
127,456155136
128,456425472
129,456425472
130,456425472
131,456695808
132,456695808
133,456966144
134,456966144
135,458047488
136,458047488
137,458047488
138,458047488
139,458047488
140,458047488
141,458317824
142,458317824
143,458317824
144,458588160
145,458588160
146,458588160
147,459128832
148,459128832
149,459399168
150,459399168
151,459399168
152,459669504
153,459669504
154,459939840
155,460210176
156,460210176
157,460210176
158,460480512
159,460480512
160,460750848
161,460750848
162,460750848
163,461021184
164,461021184
165,461021184
166,461291520
167,461291520
168,461291520
169,461561856
170,461561856
171,461561856
172,461832192
173,461832192
174,462102528
175,462102528
176,462102528
177,462372864
178,462372864
179,462372864
180,462643200
181,462643200
182,462643200
183,462913536
184,462913536
185,463183872
186,463183872
187,463183872
188,463454208
189,463454208
190,463454208
191,463724544
192,463724544
193,463724544
194,463994880
195,463994880
196,464265216
197,464265216
198,464265216
199,464535552
200,464535552
201,464535552
202,464805888
203,464805888
204,464805888
205,465076224
206,465076224
207,465346560
208,465346560
209,465346560
210,465616896
211,465616896
212,465616896
213,465887232
214,465887232
215,465887232
216,466157568
217,466157568
218,466157568
219,466427904
220,466427904
221,466698240
222,466698240
223,466698240
224,466968576
225,466968576
226,466968576
227,467238912
228,467238912
229,467509248
230,467779584
231,467779584
232,467779584
233,468049920
234,468049920
235,468320256
236,468320256
237,468320256
238,468590592
239,468590592
240,468590592
241,468860928
242,468860928
243,468860928
244,469131264
245,469131264
246,469401600
247,469401600
248,469401600
249,469671936
250,469671936
251,469671936
252,469942272
253,469942272
254,469942272
255,470212608
256,470212608
257,470482944
258,470482944
259,470482944
260,470753280
261,470753280
262,470753280
263,473186304
264,473186304
265,473186304
266,473186304
267,473186304
268,473186304
269,473186304
270,473186304
271,473186304
272,473186304
273,473186304
274,473186304
275,473186304
276,473456640
277,473456640
278,473456640
279,473726976
280,473726976
281,473726976
282,473997312
283,473997312
284,473997312
285,474267648
286,474267648
287,474537984
288,474537984
289,474537984
290,474808320
291,474808320
292,474808320
293,475078656
294,475078656
295,475078656
296,475348992
297,475619328
298,475619328
299,475889664
300,475889664
301,475889664
302,476160000
303,476160000
304,476160000
305,476430336
306,476430336
307,476430336
308,476700672
309,476700672
310,476971008
311,476971008
312,476971008
313,477241344
314,477241344
315,477241344
316,477511680
317,477511680
318,477511680
319,477782016
320,477782016
321,477782016
322,478052352
323,478052352
324,478052352
325,478322688
326,478322688
327,478322688
328,478593024
329,478593024
330,478863360
331,478863360
332,478863360
333,479133696
334,479133696
335,479404032
336,479674368
337,479674368
338,479674368
339,479944704
340,479944704
341,479944704
342,480215040
343,480215040
344,480215040
345,480485376
346,480485376
347,480755712
348,480755712
349,480755712
350,481026048
351,481026048
352,481026048
353,481296384
354,481296384
355,481296384
356,481566720
357,481566720
358,481566720
359,481837056
360,481837056
361,482107392
362,482107392
363,482107392
364,482377728
365,482377728
366,482287616
