,mem
0,63070208
1,269271040
2,316956672
3,362348544
4,397516800
5,423682048
6,428023808
7,428290048
8,428290048
9,428290048
10,428560384
11,428830720
12,429662208
13,429662208
14,430202880
15,430473216
16,430473216
17,430743552
18,430743552
19,431013888
20,431013888
21,431013888
22,431013888
23,431280128
24,431280128
25,431550464
26,431550464
27,431820800
28,432091136
29,432091136
30,432361472
31,432361472
32,432631808
33,432902144
34,432902144
35,432902144
36,433172480
37,433172480
38,433442816
39,433442816
40,433442816
41,433713152
42,433713152
43,433983488
44,433983488
45,434253824
46,434253824
47,434253824
48,434524160
49,435310592
50,435580928
51,435580928
52,435580928
53,435851264
54,435851264
55,436121600
56,436121600
57,436121600
58,436391936
59,436391936
60,437202944
61,437202944
62,437202944
63,437202944
64,437202944
65,437473280
66,437473280
67,437743616
68,437743616
69,437743616
70,438013952
71,438013952
72,438284288
73,438284288
74,438554624
75,438554624
76,438824960
77,438824960
78,438824960
79,439095296
80,439095296
81,439365632
82,439365632
83,439635968
84,439635968
85,439635968
86,439906304
87,439906304
88,440176640
89,440176640
90,440446976
91,440446976
92,440446976
93,440717312
94,440717312
95,440987648
96,441257984
97,441528320
98,441528320
99,441798656
100,441798656
101,441798656
102,442068992
103,442068992
