,mem
0,63643648
1,284434432
2,318521344
3,371953664
4,399749120
5,428396544
6,429207552
7,429207552
8,429748224
9,430342144
10,430612480
11,431353856
12,431353856
13,431853568
14,431853568
15,431853568
16,432586752
17,432857088
18,432857088
19,432857088
20,433127424
21,433393664
22,433664000
23,433664000
24,433934336
25,434204672
26,435249152
27,435249152
28,435519488
29,435519488
30,435789824
31,436060160
32,436060160
33,436060160
34,436330496
35,436330496
36,436600832
37,436600832
38,436600832
39,436871168
40,436871168
41,437141504
42,437141504
43,437411840
44,437411840
45,437682176
46,437682176
47,437952512
48,437952512
49,437952512
50,438222848
51,438222848
52,438493184
53,438493184
54,439283712
55,439283712
56,440094720
57,440094720
58,440094720
59,440094720
60,440094720
61,440365056
62,440365056
63,440635392
64,440635392
65,440905728
66,440905728
67,440905728
68,441176064
69,441176064
70,441446400
71,441446400
72,441716736
73,441716736
74,441987072
75,441987072
76,441987072
77,441987072
78,442257408
79,442257408
80,442257408
81,442527744
82,442527744
83,442798080
84,442798080
85,443068416
86,443068416
87,443338752
88,443338752
89,443338752
90,443879424
91,443879424
92,444149760
93,444149760
94,444420096
95,444420096
96,444690432
97,444690432
98,444690432
99,444960768
100,444960768
101,445231104
102,445231104
103,445501440
104,445501440
105,445771776
106,445771776
107,445771776
108,446042112
109,446042112
110,447393792
111,446185472
